0.396404 0.612103 0.019631 
0.047172 0.359679 0.015468 
0.857579 0.771000 0.015211 
0.897545 0.506183 0.012316 
0.466319 0.333190 0.014889 
0.464788 0.892047 0.016241 
0.320832 0.832141 0.016791 
0.855045 0.522645 0.013955 
0.350782 0.591347 0.013674 
0.105642 0.557688 0.019880 
0.741232 0.197354 0.010377 
0.370248 0.286181 0.018852 
0.229604 0.447372 0.019133 
0.383712 0.218961 0.017962 
0.091631 0.802082 0.010987 
0.125373 0.185024 0.012619 
0.894933 0.214623 0.013354 
0.908312 0.162170 0.016797 
0.546438 0.216277 0.011366 
0.056790 0.413906 0.017212 
0.223037 0.295541 0.011068 
0.335494 0.877192 0.016538 
0.780117 0.408688 0.014942 
0.014633 0.175572 0.017791 
0.040872 0.859616 0.017150 
0.160537 0.930737 0.019037 
0.616643 0.416916 0.018909 
0.695117 0.105561 0.013342 
0.615341 0.245155 0.016987 
0.428365 0.388273 0.011978 
0.519643 0.565134 0.010305 
0.281496 0.249094 0.017441 
0.707435 0.572682 0.015000 
0.179502 0.675632 0.014799 
0.652414 0.210652 0.019047 
0.174330 0.111543 0.016099 
0.350048 0.281832 0.016177 
0.594315 0.302828 0.018594 
0.741187 0.402943 0.018055 
0.077067 0.482446 0.015767 
0.882880 0.081237 0.011829 
0.736896 0.249348 0.012399 
0.462432 0.760931 0.018865 
0.414047 0.027759 0.010287 
0.424425 0.882371 0.014899 
0.291019 0.693782 0.011679 
0.483060 0.464157 0.019787 
0.485209 0.549572 0.017127 
0.776708 0.225409 0.015005 
0.755051 0.435884 0.014711 
